Neurons Per Layer: [22, 13, 12, 10, 4]
Layer (0)
Weights:
0   0     0              0.175938
0   0     1              0.192323
0   0     2              0.175883
0   0     3             -0.031188
0   0     4             -0.033522
0   0     5              0.075574
0   0     6              0.071353
0   0     7              0.260642
0   0     8             -0.091617
0   0     9             -0.120166
0   0    10             -0.351336
0   0    11             -1.919286
0   0    12              0.083516
0   1     0             -0.346551
0   1     1             -0.354918
0   1     2             -0.578146
0   1     3             -0.208948
0   1     4              0.146722
0   1     5              0.049559
0   1     6              0.078765
0   1     7             -0.560307
0   1     8             -0.042133
0   1     9              0.068052
0   1    10             -0.111460
0   1    11              1.793388
0   1    12              0.002204
0   2     0              1.536804
0   2     1            -10.584973
0   2     2             -6.742421
0   2     3             -0.087386
0   2     4             -0.084752
0   2     5             -2.200795
0   2     6             -0.177269
0   2     7            -12.672224
0   2     8              1.319892
0   2     9             -0.035657
0   2    10             13.206733
0   2    11              1.962831
0   2    12             -1.500920
0   3     0             -0.100221
0   3     1             -9.560311
0   3     2             -6.729756
0   3     3              0.005474
0   3     4             -0.175858
0   3     5             -1.176984
0   3     6             -0.080236
0   3     7             -5.822183
0   3     8              0.790916
0   3     9             -0.029844
0   3    10              8.510300
0   3    11              2.790236
0   3    12             -0.634027
0   4     0             -1.842573
0   4     1             -6.243468
0   4     2             -3.582190
0   4     3              0.058249
0   4     4             -0.208577
0   4     5              0.966769
0   4     6             -0.116362
0   4     7              6.133584
0   4     8             -0.437373
0   4     9             -0.076146
0   4    10             -1.561535
0   4    11              4.096471
0   4    12              0.745847
0   5     0             -1.237337
0   5     1             -0.536511
0   5     2             -0.204150
0   5     3              0.074906
0   5     4              0.033497
0   5     5              0.995232
0   5     6             -0.023847
0   5     7              6.737266
0   5     8             -0.815252
0   5     9              0.155827
0   5    10             -4.986098
0   5    11             -1.940565
0   5    12              0.779588
0   6     0             -0.102625
0   6     1              2.044184
0   6     2              1.558763
0   6     3              0.001269
0   6     4              0.044512
0   6     5              1.130777
0   6     6              0.058515
0   6     7              2.138281
0   6     8             -1.161284
0   6     9              0.170259
0   6    10             -3.143171
0   6    11             -1.545681
0   6    12              0.269793
0   7     0              0.685803
0   7     1              5.383715
0   7     2              3.371082
0   7     3             -0.060629
0   7     4              0.096423
0   7     5              0.560739
0   7     6              0.028467
0   7     7             -1.616092
0   7     8             -1.068711
0   7     9             -0.034553
0   7    10             -1.383831
0   7    11             -1.841157
0   7    12              0.108801
0   8     0              0.982348
0   8     1              6.292338
0   8     2              3.280090
0   8     3              0.150104
0   8     4             -0.012220
0   8     5              0.695149
0   8     6             -0.063728
0   8     7             -3.345077
0   8     8             -0.287525
0   8     9             -0.060091
0   8    10             -0.381358
0   8    11             -1.255522
0   8    12              0.199218
0   9     0              1.115078
0   9     1              6.490608
0   9     2              3.654768
0   9     3             -0.040742
0   9     4              0.119963
0   9     5              1.239570
0   9     6             -0.084818
0   9     7             -3.209088
0   9     8             -1.132199
0   9     9             -0.072656
0   9    10              0.815684
0   9    11             -1.597918
0   9    12              0.809728
0   10    0              0.862286
0   10    1              4.044060
0   10    2              2.991850
0   10    3             -0.123421
0   10    4             -0.024269
0   10    5              1.477053
0   10    6              0.130051
0   10    7             -0.397550
0   10    8             -1.282309
0   10    9             -0.056107
0   10   10             -0.243831
0   10   11             -0.468134
0   10   12              0.682031
0   11    0              0.621999
0   11    1              1.774193
0   11    2              1.629862
0   11    3              0.085782
0   11    4             -0.036311
0   11    5              0.723895
0   11    6             -0.069668
0   11    7             -2.612439
0   11    8             -0.769492
0   11    9              0.201819
0   11   10              2.368516
0   11   11             -0.104303
0   11   12              0.116522
0   12    0              0.588429
0   12    1             -6.110339
0   12    2             -4.602112
0   12    3             -0.091794
0   12    4             -0.198528
0   12    5             -0.121387
0   12    6             -0.139941
0   12    7             -3.377078
0   12    8              0.444558
0   12    9             -0.046620
0   12   10              3.394809
0   12   11             -0.681363
0   12   12             -0.753397
0   13    0              0.015847
0   13    1             -8.489719
0   13    2             -5.812290
0   13    3              0.038054
0   13    4              0.079947
0   13    5              0.506850
0   13    6              0.119727
0   13    7              1.130834
0   13    8             -0.138652
0   13    9              0.042305
0   13   10             -0.373633
0   13   11              1.321650
0   13   12             -0.153936
0   14    0             -3.580514
0   14    1             -9.147189
0   14    2             -5.800987
0   14    3              0.159710
0   14    4              0.000890
0   14    5              0.202486
0   14    6             -0.120893
0   14    7             13.861633
0   14    8             -0.804822
0   14    9             -0.072701
0   14   10             -5.052753
0   14   11              5.156058
0   14   12              0.631842
0   15    0             -3.153600
0   15    1             -2.496640
0   15    2             -1.521963
0   15    3              0.061736
0   15    4             -0.125918
0   15    5              1.328026
0   15    6              0.093456
0   15    7             15.115764
0   15    8             -1.019048
0   15    9             -0.126828
0   15   10            -10.170882
0   15   11             -1.121066
0   15   12              1.058524
0   16    0             -0.062622
0   16    1              3.171179
0   16    2              2.140775
0   16    3             -0.190341
0   16    4             -0.131584
0   16    5              1.361801
0   16    6             -0.028140
0   16    7              2.424747
0   16    8             -0.964833
0   16    9             -0.020042
0   16   10             -4.375684
0   16   11             -1.618852
0   16   12              0.495828
0   17    0              0.447519
0   17    1              3.899206
0   17    2              2.206052
0   17    3             -0.156450
0   17    4              0.130526
0   17    5              1.395066
0   17    6              0.099199
0   17    7             -1.336333
0   17    8             -0.985822
0   17    9             -0.150956
0   17   10              0.140068
0   17   11             -0.181880
0   17   12              0.783492
0   18    0              1.160089
0   18    1              3.530102
0   18    2              2.293582
0   18    3             -0.085144
0   18    4             -0.100125
0   18    5              1.790704
0   18    6             -0.155048
0   18    7             -4.064005
0   18    8             -0.684981
0   18    9              0.096093
0   18   10              2.523492
0   18   11             -1.642777
0   18   12              0.537528
0   19    0              0.837448
0   19    1              4.683552
0   19    2              3.240734
0   19    3              0.128807
0   19    4             -0.197825
0   19    5              0.191322
0   19    6             -0.247891
0   19    7             -3.493823
0   19    8             -0.663773
0   19    9             -0.046930
0   19   10              0.509694
0   19   11             -0.434994
0   19   12              0.059069
0   20    0              1.082970
0   20    1              6.557331
0   20    2              3.863794
0   20    3             -0.203641
0   20    4             -0.015784
0   20    5              0.973341
0   20    6             -0.083088
0   20    7             -2.481341
0   20    8             -1.360414
0   20    9              0.127103
0   20   10             -0.789942
0   20   11             -1.078047
0   20   12              0.351425
0   21    0              0.862508
0   21    1              4.066008
0   21    2              2.659359
0   21    3             -0.072039
0   21    4             -0.079304
0   21    5              0.846034
0   21    6             -0.057410
0   21    7             -3.700443
0   21    8             -0.778439
0   21    9             -0.169133
0   21   10              1.695820
0   21   11             -0.998672
0   21   12              0.354339

Biases:
0   0         -0.164592
0   1          1.055796
0   2          0.059636
0   3          0.063196
0   4         -0.125474
0   5         -1.284329
0   6         -0.096571
0   7          0.899295
0   8          1.103232
0   9         -0.064027
0   10        -0.058272
0   11        -1.913243
0   12        -1.070671

Layer (1)
Weights:
1   0     0             -0.104257
1   0     1             -0.033967
1   0     2             -0.036459
1   0     3             -0.062245
1   0     4              0.010912
1   0     5              0.450774
1   0     6             -0.792061
1   0     7              0.142566
1   0     8             -0.017155
1   0     9              0.102198
1   0    10             -0.429898
1   0    11              0.025425
1   1     0             -0.091141
1   1     1             -0.273834
1   1     2              0.232464
1   1     3              0.623414
1   1     4              0.320863
1   1     5              1.111729
1   1     6             -1.073571
1   1     7             -0.135945
1   1     8              0.421215
1   1     9              0.223900
1   1    10             -1.744548
1   1    11             -0.003954
1   2     0             -0.021611
1   2     1             -0.026737
1   2     2              0.603529
1   2     3              1.468509
1   2     4              1.119938
1   2     5              0.532309
1   2     6             -0.926919
1   2     7              0.216071
1   2     8              0.618188
1   2     9             -0.288366
1   2    10             -0.632044
1   2    11              0.037437
1   3     0             -0.014434
1   3     1             -0.241048
1   3     2              0.148473
1   3     3             -0.083516
1   3     4              0.092807
1   3     5             -0.149012
1   3     6              0.004415
1   3     7              0.210429
1   3     8             -0.179157
1   3     9              0.165522
1   3    10             -0.040663
1   3    11             -0.248648
1   4     0              0.236951
1   4     1             -0.045346
1   4     2             -0.148528
1   4     3             -0.087981
1   4     4              0.066466
1   4     5             -0.007725
1   4     6             -0.135020
1   4     7             -0.139569
1   4     8              0.077542
1   4     9             -0.054393
1   4    10              0.104528
1   4    11             -0.268827
1   5     0             -1.326157
1   5     1             -0.321238
1   5     2              0.177442
1   5     3             -0.576288
1   5     4             -0.213890
1   5     5             -0.478906
1   5     6              0.093704
1   5     7              0.152455
1   5     8             -0.166269
1   5     9              0.104195
1   5    10              0.082684
1   5    11              0.774732
1   6     0              0.276435
1   6     1             -0.036749
1   6     2              0.169219
1   6     3              0.023690
1   6     4              0.123860
1   6     5             -0.035722
1   6     6              0.122857
1   6     7              0.238790
1   6     8              0.005324
1   6     9             -0.077230
1   6    10              0.081043
1   6    11              0.224221
1   7     0              0.073452
1   7     1              0.199811
1   7     2             -0.864490
1   7     3             -1.492657
1   7     4              0.140420
1   7     5             -0.627385
1   7     6              0.869245
1   7     7              1.135075
1   7     8              0.225333
1   7     9             -0.119121
1   7    10             -0.499384
1   7    11              0.025590
1   8     0              0.785666
1   8     1             -0.079550
1   8     2             -0.558786
1   8     3             -0.397673
1   8     4             -0.168500
1   8     5             -1.221191
1   8     6             -0.024340
1   8     7             -0.062255
1   8     8              0.111511
1   8     9              0.139069
1   8    10             -0.180619
1   8    11             -1.954924
1   9     0              0.016660
1   9     1              0.116910
1   9     2             -0.244990
1   9     3              0.044253
1   9     4              0.275656
1   9     5              0.004824
1   9     6              0.244612
1   9     7              0.245782
1   9     8             -0.119516
1   9     9             -0.078862
1   9    10              0.011844
1   9    11             -0.232360
1   10    0              0.079109
1   10    1              0.056975
1   10    2             -0.322415
1   10    3             -0.328380
1   10    4             -0.933574
1   10    5             -0.578015
1   10    6             -0.149997
1   10    7             -0.167077
1   10    8             -1.217214
1   10    9              0.112693
1   10   10              0.691916
1   10   11             -0.075371
1   11    0              0.006751
1   11    1              0.093188
1   11    2             -0.118417
1   11    3             -0.473628
1   11    4             -0.209703
1   11    5             -0.124414
1   11    6             -0.869361
1   11    7             -0.639452
1   11    8             -0.587088
1   11    9              0.004643
1   11   10              0.729554
1   11   11             -0.027419
1   12    0             -0.377457
1   12    1             -0.185790
1   12    2              0.018067
1   12    3             -0.097053
1   12    4              0.125878
1   12    5              0.305457
1   12    6              0.355277
1   12    7             -0.174479
1   12    8             -0.337474
1   12    9             -0.158577
1   12   10             -0.596733
1   12   11             -0.007341

Biases:
1   0          0.126905
1   1         -1.109817
1   2         -0.899770
1   3         -0.993422
1   4         -0.821260
1   5         -1.967828
1   6          0.133438
1   7         -1.374739
1   8         -0.006323
1   9         -0.610311
1   10        -0.044005
1   11        -0.111310

Layer (2)
Weights:
2   0     0              0.523276
2   0     1             -0.168504
2   0     2             -0.055512
2   0     3             -1.352278
2   0     4             -1.434468
2   0     5              0.041932
2   0     6             -0.820007
2   0     7             -0.641010
2   0     8              0.070821
2   0     9             -0.577566
2   1     0              0.051802
2   1     1             -0.192442
2   1     2              0.285828
2   1     3              0.069745
2   1     4             -0.344753
2   1     5             -0.080557
2   1     6             -0.294562
2   1     7              0.150127
2   1     8              0.063576
2   1     9             -0.043174
2   2     0             -0.118191
2   2     1              0.182504
2   2     2              0.046699
2   2     3             -0.161518
2   2     4             -0.104289
2   2     5             -0.041693
2   2     6             -0.015952
2   2     7              0.420822
2   2     8             -0.031656
2   2     9             -0.176412
2   3     0              0.038822
2   3     1              0.096706
2   3     2             -0.082125
2   3     3             -0.285888
2   3     4              0.022793
2   3     5             -0.335898
2   3     6             -0.478058
2   3     7             -0.130118
2   3     8             -0.269978
2   3     9              0.304146
2   4     0              0.063579
2   4     1             -0.136969
2   4     2              0.120141
2   4     3              0.091470
2   4     4             -0.038233
2   4     5              0.443122
2   4     6             -1.337702
2   4     7              0.098417
2   4     8             -0.134246
2   4     9             -0.121116
2   5     0             -0.026460
2   5     1              0.055894
2   5     2              0.053198
2   5     3             -0.022892
2   5     4             -0.010035
2   5     5             -0.170269
2   5     6             -0.618438
2   5     7              0.163808
2   5     8             -0.748178
2   5     9             -0.153082
2   6     0             -0.107369
2   6     1             -0.063859
2   6     2             -0.069987
2   6     3             -0.045297
2   6     4             -0.155905
2   6     5              0.245676
2   6     6             -0.051859
2   6     7             -0.468750
2   6     8              0.585270
2   6     9             -0.695952
2   7     0              0.041839
2   7     1             -0.016667
2   7     2             -0.136609
2   7     3             -0.159229
2   7     4             -0.007912
2   7     5             -0.324548
2   7     6              0.005295
2   7     7              0.163095
2   7     8             -0.353913
2   7     9              0.139030
2   8     0              0.048305
2   8     1              0.007850
2   8     2             -0.095104
2   8     3             -0.012586
2   8     4             -0.019506
2   8     5              0.248142
2   8     6             -0.052466
2   8     7             -0.281706
2   8     8             -0.252125
2   8     9             -0.139985
2   9     0             -0.191749
2   9     1              0.165370
2   9     2             -0.187500
2   9     3             -0.261422
2   9     4             -0.117763
2   9     5              0.106410
2   9     6             -0.193832
2   9     7             -0.033693
2   9     8              0.237948
2   9     9             -0.007892
2   10    0             -0.030770
2   10    1             -0.142334
2   10    2             -0.154071
2   10    3             -0.415278
2   10    4             -0.158815
2   10    5             -0.816609
2   10    6             -0.054819
2   10    7             -0.199684
2   10    8              0.249382
2   10    9             -0.439483
2   11    0             -1.234726
2   11    1              0.126546
2   11    2             -0.091969
2   11    3             -0.028545
2   11    4              0.130424
2   11    5             -0.042014
2   11    6              0.554090
2   11    7              0.031002
2   11    8             -0.003057
2   11    9             -0.300110

Biases:
2   0          0.070578
2   1         -0.360541
2   2         -0.311804
2   3         -0.323292
2   4         -0.283876
2   5          0.337869
2   6         -0.059342
2   7         -0.517877
2   8          0.002360
2   9         -0.396084

Layer (3)
Weights:
3   0     0             -0.016564
3   0     1             -0.056562
3   0     2             -1.116022
3   0     3              0.069437
3   1     0              0.075022
3   1     1              0.206065
3   1     2             -0.300388
3   1     3             -0.318641
3   2     0              0.211591
3   2     1             -0.267414
3   2     2              0.131037
3   2     3             -0.166819
3   3     0              0.046286
3   3     1             -0.094040
3   3     2              0.750109
3   3     3             -0.114436
3   4     0             -0.008681
3   4     1             -0.041908
3   4     2              0.944733
3   4     3             -0.053424
3   5     0              0.318692
3   5     1              0.395488
3   5     2             -0.169262
3   5     3             -0.312509
3   6     0              0.207382
3   6     1              0.113836
3   6     2              0.959001
3   6     3             -0.012782
3   7     0              0.087456
3   7     1              0.035841
3   7     2              0.447429
3   7     3             -0.380160
3   8     0              0.406851
3   8     1             -0.321702
3   8     2             -0.003881
3   8     3              0.545222
3   9     0              0.021696
3   9     1              0.085318
3   9     2              0.045399
3   9     3             -0.292775

Biases:
3   0          0.204166
3   1          0.458861
3   2          0.568312
3   3          0.412271

Activators: [RECTIFIER, RECTIFIER, RECTIFIER, IDENTITY]
Scale values = kex;600.0,0.0:pa;0.99,0.8:r2;30.0,5.0:dppm;0.95,0.0:r2eff;150.0,0.0:fields;95.0,50.0