Neurons Per Layer: [11, 9, 7, 5, 4]
Layer (0)
Weights:
0   0     0             -0.003163
0   0     1             -0.033666
0   0     2              0.059451
0   0     3             -0.264825
0   0     4             -0.062627
0   0     5             -0.216661
0   0     6              0.610469
0   0     7              0.311052
0   0     8             -0.725311
0   1     0             -4.674662
0   1     1              0.220919
0   1     2              0.273939
0   1     3             -0.271302
0   1     4              7.679469
0   1     5             -0.274292
0   1     6             13.484071
0   1     7             -0.472728
0   1     8              3.634749
0   2     0             -7.295833
0   2     1             -0.015589
0   2     2             -0.133954
0   2     3              0.250329
0   2     4              2.577670
0   2     5             -0.089507
0   2     6              8.361581
0   2     7             -0.243187
0   2     8              0.442604
0   3     0             -8.478771
0   3     1             -0.365286
0   3     2             -0.235195
0   3     3             -0.012794
0   3     4             -7.552481
0   3     5             -0.230320
0   3     6             -3.128432
0   3     7             -0.164983
0   3     8             -4.539813
0   4     0             -9.499499
0   4     1              0.055264
0   4     2             -0.042787
0   4     3              0.232183
0   4     4            -16.469908
0   4     5             -0.036059
0   4     6            -19.813441
0   4     7             -0.535195
0   4     8              2.772590
0   5     0             -1.034543
0   5     1             -0.955201
0   5     2             -0.043562
0   5     3             -0.162686
0   5     4             -8.129506
0   5     5             -0.130270
0   5     6             -6.902396
0   5     7             -0.172691
0   5     8              2.257732
0   6     0              4.707239
0   6     1              0.504118
0   6     2             -0.192240
0   6     3             -0.050905
0   6     4              1.459962
0   6     5             -0.025165
0   6     6              0.369727
0   6     7             -0.457492
0   6     8              0.191400
0   7     0              7.713611
0   7     1              1.656919
0   7     2              0.038732
0   7     3              0.079261
0   7     4              4.866275
0   7     5             -0.214142
0   7     6              1.580257
0   7     7             -0.197863
0   7     8             -0.843551
0   8     0              5.325747
0   8     1              2.262571
0   8     2             -0.293495
0   8     3             -0.200085
0   8     4              3.690775
0   8     5             -0.136096
0   8     6              2.416151
0   8     7             -0.025980
0   8     8             -0.213958
0   9     0              7.156721
0   9     1              2.056614
0   9     2              0.268288
0   9     3             -0.247030
0   9     4              6.761944
0   9     5              0.276093
0   9     6              2.036975
0   9     7             -0.495338
0   9     8             -0.930558
0   10    0              6.704495
0   10    1              2.705341
0   10    2             -0.046644
0   10    3             -0.198492
0   10    4              4.287394
0   10    5             -0.241532
0   10    6              2.021173
0   10    7             -0.339683
0   10    8             -1.868682

Biases:
0   0          0.173993
0   1         -0.450581
0   2         -0.198374
0   3         -0.170664
0   4          1.076022
0   5         -0.175859
0   6         -0.132047
0   7         -0.097026
0   8          0.081169

Layer (1)
Weights:
1   0     0             -1.526596
1   0     1             -0.030525
1   0     2             -0.022674
1   0     3             -0.012732
1   0     4             -0.399580
1   0     5             -0.015028
1   0     6             -0.189008
1   1     0              0.125696
1   1     1              1.359313
1   1     2              0.331146
1   1     3             -1.253350
1   1     4             -0.048110
1   1     5             -2.994771
1   1     6             -0.168283
1   2     0             -0.254914
1   2     1              0.195552
1   2     2              0.017490
1   2     3              0.051443
1   2     4              0.170773
1   2     5              0.112787
1   2     6             -0.015064
1   3     0             -0.012390
1   3     1             -0.277183
1   3     2              0.306651
1   3     3             -0.206937
1   3     4              0.236639
1   3     5             -0.047829
1   3     6             -0.224213
1   4     0             -1.126656
1   4     1              0.007003
1   4     2              0.285296
1   4     3             -0.022739
1   4     4             -0.606768
1   4     5             -0.004565
1   4     6              0.500807
1   5     0              0.147751
1   5     1             -0.174572
1   5     2             -0.062430
1   5     3              0.287315
1   5     4              0.164011
1   5     5              0.314029
1   5     6             -0.312262
1   6     0             -1.690691
1   6     1              0.002810
1   6     2              0.812146
1   6     3              0.031175
1   6     4             -0.059894
1   6     5              0.011582
1   6     6              0.804548
1   7     0             -0.006925
1   7     1             -0.121767
1   7     2              0.208918
1   7     3              0.136742
1   7     4              0.131292
1   7     5              0.387689
1   7     6              0.338908
1   8     0             -0.606755
1   8     1             -0.106387
1   8     2             -0.516138
1   8     3             -0.021757
1   8     4              0.684088
1   8     5             -0.029162
1   8     6              0.096986

Biases:
1   0          1.346062
1   1         -0.757511
1   2         -1.997005
1   3          0.675163
1   4          0.461837
1   5         -0.050777
1   6         -0.545994

Layer (2)
Weights:
2   0     0             -0.022764
2   0     1             -0.076315
2   0     2             -0.135031
2   0     3              0.777825
2   0     4             -2.225808
2   1     0              0.420761
2   1     1              0.169291
2   1     2             -0.098085
2   1     3             -0.037278
2   1     4             -0.111062
2   2     0              0.010759
2   2     1             -0.032475
2   2     2              0.001871
2   2     3             -0.602888
2   2     4             -0.442370
2   3     0             -0.550278
2   3     1             -0.325087
2   3     2             -0.025516
2   3     3              0.071971
2   3     4             -0.029887
2   4     0              0.025647
2   4     1              0.117033
2   4     2              0.739576
2   4     3              0.238447
2   4     4             -0.365817
2   5     0             -1.266320
2   5     1              0.290524
2   5     2             -0.260368
2   5     3              0.030145
2   5     4              0.027613
2   6     0              0.033780
2   6     1             -0.171749
2   6     2              0.310568
2   6     3             -1.812342
2   6     4              0.563158

Biases:
2   0          0.336580
2   1         -0.581531
2   2         -0.182174
2   3         -0.267541
2   4          0.221044

Layer (3)
Weights:
3   0     0              0.003237
3   0     1              0.000821
3   0     2              1.302378
3   0     3             -0.003390
3   1     0              0.017298
3   1     1              0.431353
3   1     2             -0.157313
3   1     3              0.410708
3   2     0              0.201318
3   2     1             -0.497484
3   2     2             -0.018187
3   2     3              0.542480
3   3     0             -0.126057
3   3     1              0.195730
3   3     2             -0.039308
3   3     3              0.620416
3   4     0             -0.432660
3   4     1             -0.238704
3   4     2             -0.023327
3   4     3             -0.286511

Biases:
3   0          0.597878
3   1          0.651028
3   2          0.141574
3   3          0.285772

Activators: [RECTIFIER, RECTIFIER, RECTIFIER, IDENTITY]
Scale values = kex;1000.0,0.0:pa;0.99,0.8:r2;30.0,5.0:dppm;3.0,0.0:r2eff;150.0,0.0:fields;95.0,50.0