Neurons Per Layer: [22, 15, 7, 4, 3]
Layer (0)
Weights:
0   0     0              0.064751
0   0     1             -0.366398
0   0     2             -0.277497
0   0     3             -0.130429
0   0     4              0.186850
0   0     5             -0.219093
0   0     6              0.168037
0   0     7             -0.290700
0   0     8              0.068544
0   0     9             -0.046865
0   0    10             -0.167007
0   0    11             -0.070630
0   0    12             -0.290037
0   0    13              0.072568
0   0    14             -0.267636
0   1     0              0.079749
0   1     1              0.222700
0   1     2             -0.349005
0   1     3              0.061738
0   1     4              0.316167
0   1     5             -0.435932
0   1     6              0.191371
0   1     7             -0.082337
0   1     8             -0.115316
0   1     9              0.320206
0   1    10             -0.131420
0   1    11              0.040783
0   1    12             -0.633983
0   1    13              0.012813
0   1    14             -0.092273
0   2     0              0.417215
0   2     1              0.325993
0   2     2              0.091692
0   2     3             -0.070426
0   2     4             -0.152187
0   2     5             -0.034548
0   2     6              0.021191
0   2     7              0.192646
0   2     8             -0.464981
0   2     9              0.193599
0   2    10             -0.042065
0   2    11              0.128972
0   2    12             -0.074465
0   2    13              0.009675
0   2    14             -0.118437
0   3     0              0.244807
0   3     1              0.180292
0   3     2              0.407428
0   3     3             -0.016888
0   3     4             -0.236909
0   3     5             -0.188374
0   3     6             -0.247264
0   3     7              0.422735
0   3     8             -0.413544
0   3     9              0.195287
0   3    10              0.125954
0   3    11             -0.147767
0   3    12             -0.081161
0   3    13             -0.087906
0   3    14              0.278719
0   4     0             -0.137725
0   4     1              0.181800
0   4     2              0.321809
0   4     3             -0.145953
0   4     4             -0.132921
0   4     5             -0.019688
0   4     6             -0.060669
0   4     7              0.234780
0   4     8             -0.195854
0   4     9             -0.176324
0   4    10             -0.184550
0   4    11             -0.038874
0   4    12              0.026186
0   4    13             -0.192875
0   4    14              0.021217
0   5     0             -0.340028
0   5     1             -0.439257
0   5     2             -0.021813
0   5     3             -0.220894
0   5     4              0.110198
0   5     5              0.065773
0   5     6             -0.060783
0   5     7             -0.322929
0   5     8              0.542052
0   5     9             -0.107178
0   5    10             -0.052799
0   5    11              0.005533
0   5    12              0.645653
0   5    13              0.171061
0   5    14             -0.116525
0   6     0             -0.562744
0   6     1             -0.245988
0   6     2             -0.118899
0   6     3              0.147709
0   6     4              0.264514
0   6     5              0.252525
0   6     6             -0.209768
0   6     7             -0.276618
0   6     8              0.855620
0   6     9             -0.031353
0   6    10              0.027390
0   6    11              0.212441
0   6    12              0.837959
0   6    13             -0.115825
0   6    14              0.019695
0   7     0             -0.261656
0   7     1              0.091904
0   7     2             -0.194457
0   7     3              0.029777
0   7     4              0.359556
0   7     5              0.332913
0   7     6              0.068665
0   7     7              0.325675
0   7     8              0.179582
0   7     9              0.485295
0   7    10              0.020343
0   7    11             -0.137395
0   7    12              0.171498
0   7    13              0.170640
0   7    14              0.031900
0   8     0             -0.081604
0   8     1              0.590757
0   8     2              0.195886
0   8     3             -0.014853
0   8     4              0.654496
0   8     5              0.251464
0   8     6             -0.172932
0   8     7              0.305035
0   8     8             -0.330553
0   8     9              0.471047
0   8    10              0.051436
0   8    11             -0.107775
0   8    12              0.096737
0   8    13             -0.134237
0   8    14              0.257954
0   9     0             -0.279999
0   9     1              0.689645
0   9     2             -0.004161
0   9     3              0.147708
0   9     4              0.439287
0   9     5              0.136878
0   9     6              0.047004
0   9     7              0.768873
0   9     8             -0.290682
0   9     9              0.708280
0   9    10              0.146052
0   9    11              0.084237
0   9    12             -0.408673
0   9    13             -0.082264
0   9    14              0.002078
0   10    0              0.120834
0   10    1              0.844560
0   10    2              0.127218
0   10    3              0.078978
0   10    4              0.553141
0   10    5              0.069602
0   10    6             -0.149999
0   10    7              0.785987
0   10    8             -0.528847
0   10    9              0.699577
0   10   10             -0.019620
0   10   11             -0.129281
0   10   12             -0.340108
0   10   13              0.069998
0   10   14              0.112976
0   11    0              0.108516
0   11    1              0.803186
0   11    2              0.139601
0   11    3              0.138045
0   11    4              0.665666
0   11    5              0.035823
0   11    6             -0.026883
0   11    7              0.835003
0   11    8             -0.321127
0   11    9              0.625221
0   11   10             -0.112455
0   11   11             -0.204014
0   11   12             -0.267969
0   11   13             -0.171699
0   11   14              0.119970
0   12    0              0.552368
0   12    1              0.235097
0   12    2              0.570852
0   12    3             -0.387322
0   12    4             -0.256132
0   12    5              0.098751
0   12    6             -0.292342
0   12    7              0.556354
0   12    8             -0.906608
0   12    9              0.251002
0   12   10             -0.179030
0   12   11             -0.066691
0   12   12             -0.304280
0   12   13             -0.136032
0   12   14              0.118034
0   13    0              0.450069
0   13    1              0.220024
0   13    2              0.474791
0   13    3             -0.212443
0   13    4             -0.232957
0   13    5              0.077588
0   13    6             -0.316296
0   13    7              0.191242
0   13    8             -0.569068
0   13    9              0.038424
0   13   10              0.061177
0   13   11              0.203782
0   13   12             -0.306310
0   13   13             -0.206585
0   13   14              0.251398
0   14    0             -0.060471
0   14    1             -0.260197
0   14    2              0.211356
0   14    3             -0.044877
0   14    4             -0.359624
0   14    5              0.212122
0   14    6             -0.053801
0   14    7             -0.231883
0   14    8              0.201306
0   14    9             -0.031377
0   14   10             -0.061670
0   14   11             -0.162080
0   14   12              0.442597
0   14   13              0.163134
0   14   14             -0.202414
0   15    0             -0.551951
0   15    1             -0.753774
0   15    2             -0.223597
0   15    3              0.032437
0   15    4              0.079005
0   15    5              0.138292
0   15    6             -0.012315
0   15    7             -0.602680
0   15    8              1.119819
0   15    9             -0.728841
0   15   10              0.003357
0   15   11             -0.059847
0   15   12              0.876721
0   15   13             -0.050539
0   15   14             -0.048077
0   16    0             -0.676383
0   16    1             -0.616326
0   16    2             -0.366302
0   16    3              0.109135
0   16    4              0.476408
0   16    5              0.507489
0   16    6             -0.273834
0   16    7             -0.776971
0   16    8              1.633597
0   16    9             -0.487081
0   16   10             -0.142768
0   16   11             -0.031661
0   16   12              1.547953
0   16   13             -0.007291
0   16   14             -0.160141
0   17    0             -0.217214
0   17    1             -0.082862
0   17    2             -0.345028
0   17    3             -0.203288
0   17    4              0.259877
0   17    5              0.277556
0   17    6             -0.029108
0   17    7             -0.095255
0   17    8              0.567837
0   17    9              0.231730
0   17   10             -0.020084
0   17   11              0.106711
0   17   12              0.380662
0   17   13              0.082742
0   17   14             -0.042587
0   18    0             -0.344241
0   18    1              0.206937
0   18    2             -0.040851
0   18    3              0.169412
0   18    4              0.648287
0   18    5              0.011362
0   18    6              0.124435
0   18    7              0.287477
0   18    8              0.125809
0   18    9              0.522758
0   18   10             -0.111509
0   18   11              0.037166
0   18   12             -0.055219
0   18   13             -0.026699
0   18   14              0.121559
0   19    0             -0.251020
0   19    1              0.386569
0   19    2             -0.027391
0   19    3             -0.138975
0   19    4              0.389560
0   19    5              0.008184
0   19    6             -0.278880
0   19    7              0.286741
0   19    8             -0.029253
0   19    9              0.401143
0   19   10             -0.176295
0   19   11             -0.101549
0   19   12             -0.143304
0   19   13             -0.041016
0   19   14             -0.047290
0   20    0             -0.103488
0   20    1              0.574379
0   20    2              0.207850
0   20    3              0.110569
0   20    4              0.304025
0   20    5             -0.015557
0   20    6             -0.021856
0   20    7              0.489871
0   20    8             -0.152238
0   20    9              0.569833
0   20   10             -0.004379
0   20   11             -0.109971
0   20   12             -0.361732
0   20   13             -0.168287
0   20   14              0.292773
0   21    0             -0.175094
0   21    1              0.746805
0   21    2              0.243896
0   21    3              0.175141
0   21    4              0.396873
0   21    5              0.157160
0   21    6             -0.207640
0   21    7              0.620322
0   21    8             -0.384727
0   21    9              0.873170
0   21   10             -0.117155
0   21   11             -0.043136
0   21   12             -0.194510
0   21   13             -0.073506
0   21   14              0.073822

Biases:
0   0          0.291826
0   1         -0.038719
0   2         -0.164210
0   3          0.173087
0   4         -0.117297
0   5         -0.264108
0   6          0.201713
0   7         -0.172635
0   8          0.187665
0   9         -0.355472
0   10        -0.191558
0   11        -0.054222
0   12        -0.096831
0   13         0.093686
0   14         0.013992

Layer (1)
Weights:
1   0     0             -0.345478
1   0     1             -0.309214
1   0     2              0.207497
1   0     3              0.116376
1   0     4             -0.065756
1   0     5             -0.351800
1   0     6             -0.070029
1   1     0             -0.318949
1   1     1             -0.296658
1   1     2              0.153564
1   1     3             -0.072467
1   1     4              0.534299
1   1     5              0.030749
1   1     6             -0.133152
1   2     0              0.428341
1   2     1             -0.491031
1   2     2             -0.125113
1   2     3             -0.141017
1   2     4              0.206760
1   2     5             -0.299970
1   2     6             -0.118728
1   3     0             -0.287470
1   3     1             -0.121876
1   3     2              0.085028
1   3     3              0.226237
1   3     4              0.142173
1   3     5             -0.251740
1   3     6              0.005681
1   4     0             -0.194434
1   4     1              0.072356
1   4     2              0.176746
1   4     3             -0.231788
1   4     4              0.277537
1   4     5              0.610454
1   4     6              0.023765
1   5     0              0.314814
1   5     1              0.103578
1   5     2              0.065377
1   5     3              0.099222
1   5     4              0.051632
1   5     5              0.228821
1   5     6              0.003039
1   6     0             -0.001453
1   6     1             -0.282430
1   6     2             -0.138141
1   6     3             -0.002386
1   6     4             -0.104798
1   6     5             -0.279916
1   6     6              0.043212
1   7     0              0.013270
1   7     1             -0.294745
1   7     2              0.015569
1   7     3              0.209031
1   7     4              0.612556
1   7     5             -0.155196
1   7     6              0.015685
1   8     0              0.483926
1   8     1              0.468270
1   8     2             -0.059792
1   8     3             -0.238778
1   8     4             -0.435580
1   8     5              0.591574
1   8     6             -0.004633
1   9     0             -0.292949
1   9     1             -0.359446
1   9     2             -0.139946
1   9     3             -0.093798
1   9     4              0.481932
1   9     5              0.265958
1   9     6              0.087415
1   10    0              0.072324
1   10    1              0.152777
1   10    2              0.177875
1   10    3              0.169380
1   10    4              0.050683
1   10    5             -0.058063
1   10    6              0.177746
1   11    0             -0.227794
1   11    1             -0.011786
1   11    2              0.095987
1   11    3             -0.069959
1   11    4              0.083866
1   11    5              0.202810
1   11    6              0.088352
1   12    0              0.900559
1   12    1              0.428598
1   12    2              0.009798
1   12    3             -0.117195
1   12    4             -0.067076
1   12    5              0.236690
1   12    6             -0.107848
1   13    0              0.239071
1   13    1             -0.040322
1   13    2             -0.064074
1   13    3             -0.155237
1   13    4              0.078427
1   13    5              0.238609
1   13    6             -0.190076
1   14    0              0.133741
1   14    1             -0.108974
1   14    2             -0.218328
1   14    3             -0.244777
1   14    4              0.148968
1   14    5             -0.076693
1   14    6             -0.168169

Biases:
1   0          0.117429
1   1          0.247373
1   2         -0.157243
1   3         -0.187497
1   4          0.024664
1   5          0.535234
1   6         -0.112612

Layer (2)
Weights:
2   0     0              0.833602
2   0     1             -0.581182
2   0     2             -0.147848
2   0     3              0.034038
2   1     0              0.326882
2   1     1             -0.428290
2   1     2              0.134729
2   1     3             -0.427029
2   2     0             -0.135515
2   2     1             -0.062581
2   2     2              0.064085
2   2     3             -0.078523
2   3     0              0.267489
2   3     1             -0.109160
2   3     2              0.125733
2   3     3              0.338952
2   4     0             -0.241860
2   4     1              0.419737
2   4     2             -0.597795
2   4     3              0.355592
2   5     0             -0.104977
2   5     1             -0.246075
2   5     2             -0.245287
2   5     3             -0.782519
2   6     0             -0.214320
2   6     1              0.236763
2   6     2              0.041725
2   6     3              0.224443

Biases:
2   0          0.015725
2   1          0.144763
2   2          1.089664
2   3          0.818795

Layer (3)
Weights:
3   0     0              0.063982
3   0     1             -0.100997
3   0     2              0.513020
3   1     0             -0.212681
3   1     1              0.035247
3   1     2             -0.337619
3   2     0             -0.043808
3   2     1             -0.912548
3   2     2             -0.189611
3   3     0             -0.581668
3   3     1             -0.100088
3   3     2              0.192654

Biases:
3   0          0.905336
3   1          0.974559
3   2          0.172068

Activators: [RECTIFIER, RECTIFIER, RECTIFIER, IDENTITY]
Scale values = kex;1500.0,500.0:r2;30.0,5.0:dppmmin;2.0,1.0:r2eff;150.0,0.0:fields;95.0,50.0