Neurons Per Layer: [11, 9, 7, 7, 4]
Layer (0)
Weights:
0   0     0             -0.119523
0   0     1              0.510004
0   0     2             -0.061672
0   0     3             -1.403555
0   0     4             -0.574425
0   0     5             -0.279203
0   0     6             -0.372324
0   0     7             -0.314302
0   0     8              0.383403
0   1     0             -0.056562
0   1     1             -0.120008
0   1     2             -0.163317
0   1     3              0.416136
0   1     4              0.210087
0   1     5             -0.224211
0   1     6              0.209381
0   1     7              0.523745
0   1     8             -0.451745
0   2     0              0.468247
0   2     1             -0.792890
0   2     2             -0.024730
0   2     3             -0.475603
0   2     4              0.423249
0   2     5             -0.130501
0   2     6             -0.093571
0   2     7              0.158948
0   2     8             -0.132120
0   3     0              0.341460
0   3     1             -0.281348
0   3     2             -0.049624
0   3     3             -0.711479
0   3     4              0.867883
0   3     5              0.146237
0   3     6             -0.480304
0   3     7             -0.144252
0   3     8             -0.288476
0   4     0             -0.922079
0   4     1             -0.392275
0   4     2              0.063449
0   4     3              2.603916
0   4     4             -0.624655
0   4     5              0.003774
0   4     6              0.950782
0   4     7              1.018451
0   4     8             -0.371484
0   5     0             -0.351633
0   5     1             -0.629267
0   5     2              0.119705
0   5     3              0.872119
0   5     4             -0.178433
0   5     5              0.172898
0   5     6             -0.090119
0   5     7              0.342763
0   5     8             -0.220369
0   6     0             -0.138756
0   6     1             -1.360183
0   6     2              0.051121
0   6     3              0.521611
0   6     4             -0.122196
0   6     5              0.137081
0   6     6             -0.095186
0   6     7             -0.008613
0   6     8             -0.795918
0   7     0             -0.495614
0   7     1              0.329442
0   7     2             -0.280149
0   7     3              0.848794
0   7     4              0.316122
0   7     5             -0.275642
0   7     6             -0.020667
0   7     7              0.357405
0   7     8              0.489273
0   8     0             -0.171951
0   8     1              0.141032
0   8     2             -0.123903
0   8     3             -1.194049
0   8     4             -0.233241
0   8     5             -0.037690
0   8     6             -0.242056
0   8     7             -0.598264
0   8     8              0.224574
0   9     0              0.100505
0   9     1              0.236985
0   9     2              0.216656
0   9     3              0.647045
0   9     4              0.229371
0   9     5              0.040304
0   9     6             -0.017591
0   9     7              0.129489
0   9     8              0.111728
0   10    0              0.263086
0   10    1              0.224870
0   10    2             -0.075138
0   10    3             -0.496960
0   10    4             -0.236757
0   10    5              0.103381
0   10    6             -0.143661
0   10    7             -0.197088
0   10    8              0.123950

Biases:
0   0          0.229890
0   1          0.548331
0   2         -0.284036
0   3         -1.002607
0   4         -0.443118
0   5         -0.116903
0   6          0.079285
0   7         -0.600433
0   8          0.240964

Layer (1)
Weights:
1   0     0             -0.035355
1   0     1             -0.240108
1   0     2             -0.688873
1   0     3             -0.112139
1   0     4             -0.572107
1   0     5             -0.095415
1   0     6              0.598660
1   1     0             -0.087365
1   1     1             -0.045227
1   1     2              0.313426
1   1     3             -0.047150
1   1     4              0.590852
1   1     5             -0.855931
1   1     6             -0.212699
1   2     0             -0.122783
1   2     1             -0.004617
1   2     2             -0.022866
1   2     3             -0.086521
1   2     4             -0.034774
1   2     5              0.180702
1   2     6             -0.177447
1   3     0             -0.221403
1   3     1             -0.253768
1   3     2             -0.465779
1   3     3              0.646000
1   3     4             -0.422931
1   3     5              0.659972
1   3     6             -0.193101
1   4     0             -0.024769
1   4     1              0.268469
1   4     2             -0.305650
1   4     3             -0.161704
1   4     4             -0.402273
1   4     5              0.420336
1   4     6              0.218045
1   5     0             -0.120629
1   5     1             -0.084755
1   5     2              0.319245
1   5     3              0.194282
1   5     4             -0.266806
1   5     5              0.198223
1   5     6             -0.072471
1   6     0             -0.015122
1   6     1              0.082091
1   6     2             -0.098091
1   6     3             -0.038574
1   6     4             -0.130133
1   6     5              0.518733
1   6     6             -0.205056
1   7     0              0.230221
1   7     1              0.160174
1   7     2             -0.448052
1   7     3              0.162244
1   7     4             -0.284801
1   7     5              0.170733
1   7     6             -0.187421
1   8     0              0.148022
1   8     1             -0.141316
1   8     2              0.157371
1   8     3              0.371688
1   8     4              0.476856
1   8     5             -0.584811
1   8     6              0.163175

Biases:
1   0         -0.123193
1   1         -0.251118
1   2          0.584908
1   3         -0.524512
1   4          0.152355
1   5         -0.031331
1   6         -0.088415

Layer (2)
Weights:
2   0     0              0.221006
2   0     1              0.192034
2   0     2              0.116151
2   0     3             -0.356851
2   0     4              0.283106
2   0     5             -0.022666
2   0     6             -0.274470
2   1     0             -0.058363
2   1     1             -0.046470
2   1     2              0.140707
2   1     3              0.053052
2   1     4              0.303841
2   1     5             -0.323555
2   1     6             -0.032045
2   2     0             -0.043881
2   2     1             -0.040221
2   2     2              0.305844
2   2     3             -0.010445
2   2     4             -0.086962
2   2     5             -0.377686
2   2     6             -0.173347
2   3     0             -0.121281
2   3     1             -0.140051
2   3     2             -0.445110
2   3     3              0.114786
2   3     4              0.091300
2   3     5             -0.019226
2   3     6             -0.350084
2   4     0             -0.345047
2   4     1             -0.196332
2   4     2              0.528952
2   4     3             -0.447827
2   4     4              0.084764
2   4     5             -0.111929
2   4     6             -0.148311
2   5     0              0.093716
2   5     1              0.062792
2   5     2             -0.468121
2   5     3             -0.321362
2   5     4             -0.079656
2   5     5              0.079475
2   5     6              0.023579
2   6     0             -0.133065
2   6     1              0.049994
2   6     2             -0.433704
2   6     3              0.357665
2   6     4              0.212106
2   6     5             -0.128478
2   6     6             -0.345906

Biases:
2   0         -0.422344
2   1         -0.330421
2   2          0.393698
2   3         -0.001203
2   4         -0.215596
2   5         -0.350988
2   6         -0.028408

Layer (3)
Weights:
3   0     0              0.209943
3   0     1              0.253158
3   0     2              0.095160
3   0     3             -0.167332
3   1     0              0.041505
3   1     1             -0.054733
3   1     2              0.003182
3   1     3              0.102106
3   2     0             -0.603520
3   2     1              0.345377
3   2     2             -0.088303
3   2     3             -0.291975
3   3     0             -0.193313
3   3     1              0.358471
3   3     2              0.015714
3   3     3             -0.120869
3   4     0             -0.266814
3   4     1              0.279842
3   4     2              0.005767
3   4     3             -0.212085
3   5     0              0.051343
3   5     1             -0.001900
3   5     2             -0.024781
3   5     3              0.127105
3   6     0              0.208317
3   6     1              0.115557
3   6     2              0.025918
3   6     3             -0.014179

Biases:
3   0          0.580243
3   1          0.317693
3   2          0.493290
3   3          0.524475

Activators: [RECTIFIER, RECTIFIER, RECTIFIER, IDENTITY]
Scale values = r2A;20.0,5.0:b1Field;700.0,10.0:r1B;4.0,0.1:r1A;4.0,0.1:r2B;200.0,30.0:Tex;0.4,0.1:deltaB;10,0.5:deltaA;-0.5,-10.0:pB;0.15,0.05:kEx;500.0,100.0