Neurons Per Layer: [11, 9, 7, 7, 4]
Layer (0)
Weights:
0   0     0              0.231355
0   0     1             -2.520090
0   0     2             -0.729971
0   0     3             -1.237901
0   0     4             -0.294285
0   0     5             -3.817302
0   0     6              0.300239
0   0     7              2.800502
0   0     8             -3.195621
0   1     0              0.297947
0   1     1             -2.655363
0   1     2              0.309912
0   1     3              0.572065
0   1     4             -0.194100
0   1     5              2.503557
0   1     6             -0.132897
0   1     7             -2.754858
0   1     8             -0.037790
0   2     0              0.434907
0   2     1             -0.956004
0   2     2             -0.569009
0   2     3              0.864252
0   2     4              0.040773
0   2     5             -2.053459
0   2     6             -0.276813
0   2     7             -1.267654
0   2     8              0.121760
0   3     0              0.273530
0   3     1              0.388609
0   3     2             -0.751822
0   3     3             -0.198935
0   3     4              0.080226
0   3     5             -0.145556
0   3     6             -0.255011
0   3     7             -0.215282
0   3     8             -2.518781
0   4     0             -1.297528
0   4     1              4.108746
0   4     2              1.077884
0   4     3              1.008422
0   4     4              0.005767
0   4     5              2.218603
0   4     6             -0.076272
0   4     7              3.382902
0   4     8              5.250637
0   5     0             -0.504451
0   5     1              2.432147
0   5     2              1.496797
0   5     3              1.217043
0   5     4             -0.056872
0   5     5              3.777363
0   5     6              0.431877
0   5     7              2.302127
0   5     8              0.468297
0   6     0             -0.295352
0   6     1              1.171650
0   6     2              1.048778
0   6     3              1.539634
0   6     4              0.095552
0   6     5              4.468733
0   6     6              0.747181
0   6     7              2.842316
0   6     8              2.076956
0   7     0             -1.041716
0   7     1              2.044271
0   7     2              0.055715
0   7     3             -0.005825
0   7     4             -0.053360
0   7     5             -0.090353
0   7     6             -0.242526
0   7     7             -0.022036
0   7     8              0.788277
0   8     0             -0.251395
0   8     1             -3.685118
0   8     2             -0.648813
0   8     3             -0.777241
0   8     4              0.178925
0   8     5            -11.364778
0   8     6              1.062386
0   8     7             14.420339
0   8     8             -2.420619
0   9     0              0.027566
0   9     1              0.835183
0   9     2             -0.121786
0   9     3              0.560031
0   9     4             -0.111170
0   9     5              0.020609
0   9     6             -0.047650
0   9     7              1.053845
0   9     8              1.201760
0   10    0              0.106417
0   10    1             -0.653998
0   10    2             -0.638644
0   10    3             -0.654527
0   10    4             -0.282788
0   10    5             -0.346299
0   10    6             -0.373271
0   10    7             -0.420666
0   10    8             -1.198441

Biases:
0   0          0.362417
0   1         -3.938630
0   2         -1.362264
0   3         -1.587111
0   4         -0.016714
0   5         -0.191049
0   6          0.229806
0   7         -3.635536
0   8         -1.484210

Layer (1)
Weights:
1   0     0             -0.215131
1   0     1             -0.234011
1   0     2             -0.322385
1   0     3             -1.588634
1   0     4             -0.046901
1   0     5             -0.651777
1   0     6              0.254236
1   1     0              0.382448
1   1     1             -0.252752
1   1     2              0.656939
1   1     3              0.257623
1   1     4             -0.112925
1   1     5              1.512349
1   1     6             -0.503253
1   2     0              0.018448
1   2     1             -0.048613
1   2     2              0.947582
1   2     3             -0.986081
1   2     4             -0.171840
1   2     5             -0.766273
1   2     6             -0.343295
1   3     0              1.121390
1   3     1              0.010295
1   3     2              0.560139
1   3     3             -0.306099
1   3     4             -0.316351
1   3     5              0.570000
1   3     6              0.164599
1   4     0              0.098660
1   4     1              0.208393
1   4     2             -0.292791
1   4     3             -0.034628
1   4     4             -0.325261
1   4     5              0.225859
1   4     6              0.301741
1   5     0              0.344730
1   5     1              0.010280
1   5     2              0.173746
1   5     3             -1.284438
1   5     4              0.025853
1   5     5             -0.207019
1   5     6             -1.287829
1   6     0              0.137955
1   6     1              0.202328
1   6     2             -0.272082
1   6     3             -0.063513
1   6     4             -0.171698
1   6     5             -0.152087
1   6     6              0.241873
1   7     0             -0.901860
1   7     1             -0.042640
1   7     2             -0.502331
1   7     3             -0.607671
1   7     4             -0.073785
1   7     5              0.164388
1   7     6              2.019525
1   8     0              1.138029
1   8     1             -0.096586
1   8     2              0.771079
1   8     3              0.350511
1   8     4             -0.258008
1   8     5              0.899571
1   8     6             -0.401620

Biases:
1   0         -3.373912
1   1         -0.220085
1   2         -3.051916
1   3          1.108943
1   4         -0.117766
1   5         -0.031882
1   6          0.286572

Layer (2)
Weights:
2   0     0             -0.116540
2   0     1             -0.167570
2   0     2             -0.645559
2   0     3             -0.270833
2   0     4             -0.058904
2   0     5             -0.120343
2   0     6             -0.622885
2   1     0             -0.369699
2   1     1             -0.045821
2   1     2              0.367614
2   1     3              0.033044
2   1     4              0.037583
2   1     5              0.145389
2   1     6              0.329493
2   2     0             -0.093571
2   2     1             -0.298590
2   2     2             -1.259791
2   2     3             -0.316080
2   2     4             -0.364076
2   2     5             -0.069832
2   2     6             -0.674298
2   3     0             -0.273061
2   3     1              0.354433
2   3     2             -0.962166
2   3     3              0.538013
2   3     4             -0.259018
2   3     5              0.082939
2   3     6             -0.152728
2   4     0              0.152757
2   4     1              0.054227
2   4     2              0.011846
2   4     3              0.076597
2   4     4             -0.358684
2   4     5              0.353618
2   4     6              0.009063
2   5     0              0.064674
2   5     1             -0.352088
2   5     2             -0.519322
2   5     3             -0.175054
2   5     4             -0.306411
2   5     5             -0.172592
2   5     6             -0.593130
2   6     0             -0.226601
2   6     1             -0.497693
2   6     2              0.026270
2   6     3              0.302354
2   6     4              0.057929
2   6     5              0.160472
2   6     6             -0.002591

Biases:
2   0         -0.408162
2   1          0.513683
2   2         -0.238019
2   3          0.072245
2   4         -0.266608
2   5         -0.792903
2   6         -0.119174

Layer (3)
Weights:
3   0     0             -0.054020
3   0     1             -0.351568
3   0     2              0.273857
3   0     3             -0.234744
3   1     0             -0.032081
3   1     1              0.546472
3   1     2              0.244332
3   1     3             -0.290661
3   2     0              0.195296
3   2     1             -0.253423
3   2     2             -0.027073
3   2     3              0.169277
3   3     0             -0.524630
3   3     1             -0.134725
3   3     2             -0.103872
3   3     3             -0.306220
3   4     0              0.070618
3   4     1              0.215782
3   4     2             -0.058099
3   4     3             -0.213301
3   5     0             -0.045044
3   5     1              0.348812
3   5     2              0.046700
3   5     3             -0.090142
3   6     0             -0.266016
3   6     1              0.120253
3   6     2             -0.120859
3   6     3             -0.017642

Biases:
3   0          0.657810
3   1          0.216522
3   2          0.665590
3   3          0.652493

Activators: [RECTIFIER, RECTIFIER, RECTIFIER, IDENTITY]
Scale values = r2A;20.0,5.0:b1Field;700.0,10.0:r1B;4.0,0.1:r1A;4.0,0.1:r2B;200.0,30.0:Tex;0.4,0.1:deltaB;10,0.5:deltaA;-0.5,-10.0:pB;0.15,0.05:kEx;500.0,100.0