Neurons Per Layer: [11, 8, 5, 4, 4]
Layer (0)
Weights:
0   0     0             -0.393046
0   0     1             -0.060916
0   0     2             -0.015897
0   0     3             -0.161974
0   0     4             -0.224166
0   0     5             -0.071110
0   0     6             -0.234502
0   0     7             -0.071954
0   1     0             -4.428393
0   1     1              0.060953
0   1     2             -0.252887
0   1     3             -4.893670
0   1     4             -0.243172
0   1     5             -0.420787
0   1     6              3.919664
0   1     7              0.208276
0   2     0             -3.415056
0   2     1              0.023788
0   2     2             -0.258097
0   2     3             -4.292475
0   2     4             -0.215895
0   2     5             -0.532306
0   2     6              1.894859
0   2     7             -0.177056
0   3     0              0.618546
0   3     1             -0.082046
0   3     2             -0.260672
0   3     3              3.327276
0   3     4             -0.155701
0   3     5              0.407971
0   3     6             -2.495934
0   3     7             -0.051148
0   4     0              1.398912
0   4     1              0.243922
0   4     2             -0.225340
0   4     3              2.148221
0   4     4              0.153105
0   4     5              0.071967
0   4     6             -1.603898
0   4     7              0.096958
0   5     0              1.401559
0   5     1              0.256162
0   5     2             -0.110123
0   5     3             -6.619657
0   5     4             -0.188285
0   5     5              0.474234
0   5     6              4.467803
0   5     7             -0.079560
0   6     0              9.312997
0   6     1             -0.200658
0   6     2              0.225356
0   6     3            -13.039947
0   6     4              0.235749
0   6     5             -2.512891
0   6     6             -3.654888
0   6     7             -0.283115
0   7     0              3.263596
0   7     1             -0.015497
0   7     2             -0.228116
0   7     3             -2.005349
0   7     4              0.007539
0   7     5             -0.368107
0   7     6             -2.849831
0   7     7             -0.000113
0   8     0             -1.371727
0   8     1             -0.244573
0   8     2             -0.134822
0   8     3              6.944298
0   8     4             -0.225822
0   8     5              2.401572
0   8     6             -0.076800
0   8     7             -0.030872
0   9     0             -2.938914
0   9     1             -0.272633
0   9     2              0.279433
0   9     3              8.757732
0   9     4             -0.278275
0   9     5              4.549062
0   9     6              0.271124
0   9     7              0.030538
0   10    0             -3.859088
0   10    1             -0.283876
0   10    2             -0.093520
0   10    3             10.435071
0   10    4             -0.244141
0   10    5              5.044059
0   10    6             -0.097982
0   10    7             -0.271965

Biases:
0   0          0.456861
0   1         -0.240546
0   2         -0.264496
0   3          1.008841
0   4          0.046345
0   5         -0.424827
0   6         -0.199794
0   7         -0.136567

Layer (1)
Weights:
1   0     0             -0.170131
1   0     1             -0.312738
1   0     2             -0.325254
1   0     3             -0.335943
1   0     4              0.613986
1   1     0             -0.224528
1   1     1              0.318548
1   1     2             -0.170727
1   1     3              0.345454
1   1     4              0.127705
1   2     0              0.074502
1   2     1             -0.128525
1   2     2              0.246516
1   2     3              0.034228
1   2     4             -0.210918
1   3     0              0.029482
1   3     1             -0.046605
1   3     2             -0.265281
1   3     3              0.165354
1   3     4             -0.649196
1   4     0             -0.302145
1   4     1              0.265707
1   4     2             -0.212326
1   4     3             -0.126349
1   4     4              0.166379
1   5     0              0.892517
1   5     1              0.144211
1   5     2             -0.154990
1   5     3             -0.077746
1   5     4              0.055345
1   6     0              0.042607
1   6     1             -0.289913
1   6     2             -0.091897
1   6     3              0.172004
1   6     4              0.551688
1   7     0              0.237425
1   7     1             -0.138400
1   7     2             -0.284980
1   7     3             -0.133428
1   7     4             -0.317486

Biases:
1   0         -0.028153
1   1         -0.245476
1   2         -0.020521
1   3         -0.333357
1   4          0.309843

Layer (2)
Weights:
2   0     0             -0.144893
2   0     1             -0.308011
2   0     2             -0.115017
2   0     3             -0.621656
2   1     0              0.367855
2   1     1              0.386151
2   1     2             -0.222868
2   1     3             -0.252544
2   2     0             -0.163248
2   2     1              0.436036
2   2     2             -0.226663
2   2     3             -0.371568
2   3     0             -0.253803
2   3     1              0.423581
2   3     2              0.187703
2   3     3             -0.223897
2   4     0              0.695519
2   4     1             -0.311233
2   4     2              0.010977
2   4     3              0.000776

Biases:
2   0         -0.057364
2   1         -0.021913
2   2         -0.068328
2   3          0.573988

Layer (3)
Weights:
3   0     0              0.644881
3   0     1             -0.530981
3   0     2             -0.008801
3   0     3              0.605695
3   1     0             -0.128480
3   1     1              0.423451
3   1     2              0.396057
3   1     3              0.311308
3   2     0              0.185924
3   2     1              0.242207
3   2     2             -0.041196
3   2     3              0.225630
3   3     0             -0.005540
3   3     1             -0.145826
3   3     2             -1.388207
3   3     3             -0.154229

Biases:
3   0          0.235337
3   1          0.678207
3   2          0.893258
3   3          0.487088

Activators: [RECTIFIER, RECTIFIER, RECTIFIER, IDENTITY]
Scale values = kex;450.0,0.0:pa;0.99,0.8:r2;30.0,5.0:dppm;0.95,0.0:r2eff;150.0,0.0:fields;950.0,500.0