Neurons Per Layer: [22, 10, 7, 6, 3]
Layer (0)
Weights:
0   0     0              0.011388
0   0     1             -0.024943
0   0     2              0.068813
0   0     3              0.032740
0   0     4             -0.027763
0   0     5              0.082641
0   0     6             -0.013176
0   0     7              0.028254
0   0     8             -0.413834
0   0     9             -0.029010
0   1     0             -0.101751
0   1     1              0.030269
0   1     2             -0.111541
0   1     3             -0.024403
0   1     4              0.161927
0   1     5             -0.003840
0   1     6              0.000210
0   1     7             -0.212677
0   1     8             -1.135452
0   1     9             -0.136709
0   2     0             -0.562396
0   2     1              0.200913
0   2     2             -0.046141
0   2     3             -0.112070
0   2     4             -5.518327
0   2     5             -1.169535
0   2     6              0.094410
0   2     7             -0.129308
0   2     8              0.244045
0   2     9              2.669479
0   3     0              0.640256
0   3     1             -0.013301
0   3     2              0.088069
0   3     3             -0.217718
0   3     4              0.919718
0   3     5             -1.246863
0   3     6             -0.060796
0   3     7              0.179961
0   3     8             -0.175308
0   3     9             -1.250523
0   4     0              0.968094
0   4     1              0.063670
0   4     2              0.194868
0   4     3              0.058891
0   4     4              5.423620
0   4     5             -1.494758
0   4     6             -0.171584
0   4     7             -0.184911
0   4     8              0.382965
0   4     9             -2.199909
0   5     0              0.481367
0   5     1              0.105011
0   5     2             -0.107658
0   5     3             -0.083619
0   5     4              3.549203
0   5     5             -0.231182
0   5     6              0.119048
0   5     7              0.079393
0   5     8              0.318356
0   5     9             -1.468262
0   6     0             -0.248989
0   6     1             -0.008533
0   6     2             -0.103686
0   6     3              0.080460
0   6     4              0.356898
0   6     5              0.722458
0   6     6              0.577288
0   6     7             -0.122802
0   6     8             -0.035329
0   6     9             -0.153188
0   7     0             -0.495208
0   7     1              0.129084
0   7     2             -0.189493
0   7     3             -0.169069
0   7     4             -0.988972
0   7     5              1.464976
0   7     6              0.767861
0   7     7             -0.144502
0   7     8             -0.154258
0   7     9              0.474972
0   8     0             -0.450795
0   8     1              0.191218
0   8     2             -0.081971
0   8     3              0.095765
0   8     4             -1.596201
0   8     5              1.381634
0   8     6              0.814534
0   8     7              0.052309
0   8     8             -0.012268
0   8     9              0.872051
0   9     0             -0.668466
0   9     1             -0.055816
0   9     2              0.109692
0   9     3             -0.096695
0   9     4             -1.669695
0   9     5              1.483189
0   9     6              0.863588
0   9     7             -0.213132
0   9     8             -0.008053
0   9     9              0.739897
0   10    0             -0.675747
0   10    1              0.032797
0   10    2             -0.080752
0   10    3              0.021057
0   10    4             -1.757752
0   10    5              1.640348
0   10    6              0.846854
0   10    7              0.008929
0   10    8             -0.115795
0   10    9              0.782184
0   11    0             -0.504925
0   11    1             -0.133145
0   11    2             -0.183782
0   11    3              0.128649
0   11    4             -1.748833
0   11    5              1.514180
0   11    6              0.879847
0   11    7              0.144793
0   11    8             -0.305875
0   11    9              0.974648
0   12    0             -0.823746
0   12    1             -0.140920
0   12    2             -0.146840
0   12    3             -0.272254
0   12    4             -9.785260
0   12    5             -3.111617
0   12    6              0.141355
0   12    7             -0.041974
0   12    8              0.427589
0   12    9              4.594100
0   13    0              1.502127
0   13    1              0.015465
0   13    2              0.106259
0   13    3              0.008862
0   13    4              1.714567
0   13    5             -3.681277
0   13    6              0.025202
0   13    7             -0.181322
0   13    8             -0.646947
0   13    9             -2.143317
0   14    0              2.479787
0   14    1             -0.073354
0   14    2             -0.033100
0   14    3             -0.031097
0   14    4              9.438268
0   14    5             -3.798099
0   14    6             -0.349985
0   14    7             -0.125128
0   14    8              0.483572
0   14    9             -4.232985
0   15    0              1.164798
0   15    1             -0.068233
0   15    2             -0.033703
0   15    3              0.026359
0   15    4              6.774531
0   15    5             -1.517592
0   15    6             -0.050055
0   15    7             -0.104243
0   15    8              0.526619
0   15    9             -2.943287
0   16    0             -0.016473
0   16    1             -0.047608
0   16    2              0.197633
0   16    3              0.129800
0   16    4              1.864267
0   16    5              0.338851
0   16    6              0.489958
0   16    7             -0.091242
0   16    8             -0.059223
0   16    9             -0.724158
0   17    0             -0.552241
0   17    1              0.021186
0   17    2              0.016558
0   17    3             -0.046717
0   17    4             -0.619034
0   17    5              1.307736
0   17    6              0.755478
0   17    7             -0.204791
0   17    8             -0.173351
0   17    9              0.551627
0   18    0             -0.530222
0   18    1             -0.037526
0   18    2              0.034543
0   18    3              0.099799
0   18    4             -1.306987
0   18    5              1.325362
0   18    6              0.847924
0   18    7              0.071645
0   18    8             -0.048474
0   18    9              0.669796
0   19    0             -0.512916
0   19    1              0.142285
0   19    2              0.012268
0   19    3              0.131086
0   19    4             -1.501962
0   19    5              1.637151
0   19    6              0.862054
0   19    7             -0.128539
0   19    8             -0.172527
0   19    9              0.832413
0   20    0             -0.642073
0   20    1             -0.104590
0   20    2              0.049787
0   20    3             -0.220314
0   20    4             -1.464266
0   20    5              1.714933
0   20    6              0.870685
0   20    7             -0.143820
0   20    8             -0.260134
0   20    9              0.811825
0   21    0             -0.505655
0   21    1             -0.115926
0   21    2              0.108753
0   21    3             -0.000706
0   21    4             -1.486947
0   21    5              1.564029
0   21    6              0.844418
0   21    7              0.143400
0   21    8             -0.197862
0   21    9              0.916700

Biases:
0   0          0.106978
0   1         -0.134600
0   2          0.014469
0   3         -0.017036
0   4          0.495071
0   5          0.752773
0   6         -0.397948
0   7         -0.013151
0   8          0.892301
0   9          0.236966

Layer (1)
Weights:
1   0     0              0.010295
1   0     1              0.021217
1   0     2             -1.206778
1   0     3              0.669967
1   0     4             -1.155905
1   0     5              0.602570
1   0     6             -0.266566
1   1     0             -0.173285
1   1     1              0.107270
1   1     2              0.185795
1   1     3              0.245773
1   1     4              0.072346
1   1     5              0.272768
1   1     6              0.227981
1   2     0              0.047362
1   2     1              0.125544
1   2     2             -0.197879
1   2     3             -0.191400
1   2     4              0.171835
1   2     5              0.235170
1   2     6             -0.072018
1   3     0             -0.124335
1   3     1             -0.316935
1   3     2             -0.184633
1   3     3              0.237683
1   3     4             -0.017724
1   3     5              0.196559
1   3     6             -0.176216
1   4     0             -0.033112
1   4     1              0.947605
1   4     2              0.618592
1   4     3             -0.123633
1   4     4             -1.503935
1   4     5              0.096984
1   4     6             -0.066274
1   5     0             -0.003625
1   5     1             -0.718338
1   5     2              1.710736
1   5     3             -0.682625
1   5     4             -0.078516
1   5     5             -0.090263
1   5     6              0.033180
1   6     0              1.010600
1   6     1             -0.093073
1   6     2              0.039270
1   6     3              0.001916
1   6     4             -0.005469
1   6     5              0.011742
1   6     6              0.090598
1   7     0             -0.018377
1   7     1              0.100807
1   7     2             -0.291198
1   7     3             -0.120408
1   7     4             -0.047708
1   7     5             -0.127713
1   7     6              0.299291
1   8     0              0.006083
1   8     1              0.027262
1   8     2             -0.249363
1   8     3              0.365242
1   8     4              0.289767
1   8     5             -0.401970
1   8     6              0.255920
1   9     0             -0.027005
1   9     1             -0.962862
1   9     2             -0.657840
1   9     3              0.248583
1   9     4              0.260195
1   9     5              0.325365
1   9     6             -0.270138

Biases:
1   0          0.001842
1   1          0.730699
1   2         -0.745022
1   3         -0.038514
1   4          0.748270
1   5         -0.788158
1   6         -0.299807

Layer (2)
Weights:
2   0     0             -0.030433
2   0     1              0.021971
2   0     2              0.023757
2   0     3             -0.002454
2   0     4             -0.666579
2   0     5             -0.103548
2   1     0              0.603720
2   1     1              0.582385
2   1     2              0.574234
2   1     3             -0.429729
2   1     4              0.009608
2   1     5             -0.970769
2   2     0              0.124339
2   2     1             -0.289002
2   2     2             -0.279664
2   2     3             -0.702598
2   2     4             -0.019636
2   2     5             -0.177815
2   3     0             -1.016083
2   3     1              0.567887
2   3     2              0.610473
2   3     3              0.471074
2   3     4             -0.010658
2   3     5             -1.017125
2   4     0             -0.810589
2   4     1             -0.172892
2   4     2             -0.412304
2   4     3              0.322487
2   4     4             -0.005469
2   4     5              0.663175
2   5     0              0.001393
2   5     1             -0.209441
2   5     2             -0.246264
2   5     3             -0.166663
2   5     4             -0.040604
2   5     5             -0.948928
2   6     0             -0.365014
2   6     1             -0.251626
2   6     2             -0.238330
2   6     3              0.014618
2   6     4             -0.177730
2   6     5              0.227747

Biases:
2   0         -0.159742
2   1         -1.457372
2   2         -0.074901
2   3          0.261783
2   4          0.874178
2   5          0.061154

Layer (3)
Weights:
3   0     0              0.250626
3   0     1              0.023249
3   0     2             -0.290217
3   1     0             -0.157691
3   1     1              0.026030
3   1     2             -0.096553
3   2     0              0.362858
3   2     1              0.019085
3   2     2              0.510013
3   3     0             -0.290458
3   3     1              0.001791
3   3     2              0.390901
3   4     0              0.029194
3   4     1             -0.993176
3   4     2              0.028686
3   5     0             -0.334248
3   5     1             -0.005922
3   5     2             -0.041666

Biases:
3   0          0.416586
3   1          0.915421
3   2          0.075285

Activators: [RECTIFIER, RECTIFIER, RECTIFIER, IDENTITY]
Scale values = kex;600.0,0.0:r2;30.0,5.0:dppmmin;1.0,0.0:r2eff;150.0,0.0:fields;95.0,50.0