Neurons Per Layer: [22, 13, 4, 7, 4]
Layer (0)
Weights:
0   0     0             -0.008182
0   0     1              0.227570
0   0     2             -0.205682
0   0     3              0.192832
0   0     4             -0.111092
0   0     5             -0.059583
0   0     6              0.036003
0   0     7              0.200186
0   0     8              0.184806
0   0     9              0.125630
0   0    10             -0.033944
0   0    11             -0.022879
0   0    12              0.019979
0   1     0             -0.017556
0   1     1              0.063830
0   1     2             -0.003895
0   1     3             -0.196994
0   1     4             -0.555690
0   1     5             -0.455444
0   1     6             -0.106222
0   1     7             -0.073829
0   1     8             -0.117563
0   1     9              0.070639
0   1    10             -0.071877
0   1    11             -0.163381
0   1    12             -0.041972
0   2     0              0.156148
0   2     1              0.750255
0   2     2              0.056024
0   2     3             -0.603232
0   2     4             -0.654661
0   2     5             -4.783700
0   2     6             -0.104000
0   2     7             -0.111755
0   2     8              0.076567
0   2     9              0.128369
0   2    10              0.183037
0   2    11             -0.207597
0   2    12             -0.028206
0   3     0              0.693082
0   3     1              0.403536
0   3     2              0.180287
0   3     3             -1.521706
0   3     4             -1.121528
0   3     5             -3.010589
0   3     6             -0.095596
0   3     7              0.041263
0   3     8              0.140381
0   3     9             -0.115781
0   3    10             -0.140532
0   3    11              0.147370
0   3    12             -0.071268
0   4     0              1.582964
0   4     1             -0.435978
0   4     2             -0.148277
0   4     3             -2.289044
0   4     4             -2.033801
0   4     5             -0.376184
0   4     6             -0.165525
0   4     7             -0.013399
0   4     8              0.037781
0   4     9             -0.127054
0   4    10              0.019204
0   4    11             -0.081384
0   4    12             -0.139825
0   5     0              1.265702
0   5     1             -0.824087
0   5     2             -0.095500
0   5     3             -0.064368
0   5     4             -2.834796
0   5     5              1.382227
0   5     6              0.110210
0   5     7             -0.154353
0   5     8             -0.067342
0   5     9              0.036793
0   5    10              0.088872
0   5    11             -0.026435
0   5    12             -0.188090
0   6     0             -0.145650
0   6     1             -2.178399
0   6     2              0.100691
0   6     3              0.889674
0   6     4             -3.169968
0   6     5              6.093426
0   6     6              0.161571
0   6     7             -0.139074
0   6     8              0.015142
0   6     9              0.066432
0   6    10             -0.018468
0   6    11             -0.067944
0   6    12              0.702465
0   7     0             -1.332084
0   7     1             -1.229215
0   7     2              0.045593
0   7     3              0.065541
0   7     4             -1.625258
0   7     5              6.185517
0   7     6             -0.144522
0   7     7              0.100826
0   7     8             -0.149949
0   7     9             -0.230067
0   7    10             -0.007859
0   7    11             -0.047747
0   7    12             -2.468550
0   8     0              0.156869
0   8     1             -0.109240
0   8     2              0.201363
0   8     3              0.213744
0   8     4              1.862001
0   8     5              1.654704
0   8     6             -0.099129
0   8     7              0.203568
0   8     8             -0.035349
0   8     9             -0.032217
0   8    10              0.065866
0   8    11             -0.150787
0   8    12             -1.152145
0   9     0              1.107358
0   9     1              0.701575
0   9     2              0.203679
0   9     3             -0.348943
0   9     4              3.574196
0   9     5             -1.675247
0   9     6             -0.095252
0   9     7             -0.181242
0   9     8             -0.099689
0   9     9             -0.201076
0   9    10             -0.155161
0   9    11              0.115247
0   9    12              2.196214
0   10    0              2.052457
0   10    1              0.843440
0   10    2             -0.056326
0   10    3             -1.247190
0   10    4              4.511880
0   10    5             -3.271339
0   10    6              0.150091
0   10    7             -0.035211
0   10    8              0.203971
0   10    9             -0.117175
0   10   10             -0.016488
0   10   11              0.193656
0   10   12              3.781822
0   11    0              2.359493
0   11    1              1.119682
0   11    2              0.020767
0   11    3             -1.057245
0   11    4              4.508549
0   11    5             -3.575938
0   11    6             -0.000717
0   11    7             -0.009250
0   11    8              0.066199
0   11    9              0.152374
0   11   10             -0.054666
0   11   11             -0.073336
0   11   12              4.197595
0   12    0             -4.345033
0   12    1              2.186377
0   12    2             -0.151417
0   12    3              4.791250
0   12    4              0.998705
0   12    5             -8.565168
0   12    6              0.039911
0   12    7              0.193038
0   12    8              0.156409
0   12    9             -0.000485
0   12   10             -0.125882
0   12   11              0.164468
0   12   12              0.274054
0   13    0             -3.513887
0   13    1              1.510602
0   13    2              0.126362
0   13    3              3.111600
0   13    4             -0.264507
0   13    5             -5.994908
0   13    6             -0.210755
0   13    7             -0.116822
0   13    8             -0.069041
0   13    9              0.044336
0   13   10              0.156156
0   13   11             -0.116062
0   13   12              0.355238
0   14    0             -1.423038
0   14    1              0.837456
0   14    2              0.103336
0   14    3              0.705976
0   14    4             -1.001451
0   14    5             -3.781636
0   14    6              0.007138
0   14    7              0.034123
0   14    8              0.010433
0   14    9              0.145455
0   14   10             -0.019671
0   14   11             -0.141284
0   14   12             -0.059303
0   15    0              0.270401
0   15    1             -0.698072
0   15    2             -0.168429
0   15    3             -1.451306
0   15    4             -2.156377
0   15    5             -0.339652
0   15    6             -0.120087
0   15    7              0.105878
0   15    8             -0.170855
0   15    9             -0.013776
0   15   10             -0.125478
0   15   11             -0.209100
0   15   12              0.263863
0   16    0              0.394041
0   16    1             -1.737285
0   16    2             -0.153330
0   16    3             -0.034992
0   16    4             -3.762745
0   16    5              5.398440
0   16    6              0.122868
0   16    7              0.066730
0   16    8              0.104652
0   16    9             -0.092362
0   16   10              0.176703
0   16   11              0.181942
0   16   12             -0.528414
0   17    0             -1.739184
0   17    1             -2.418723
0   17    2              0.098189
0   17    3              0.086209
0   17    4             -3.646973
0   17    5              8.799321
0   17    6             -0.037498
0   17    7             -0.073178
0   17    8             -0.208511
0   17    9             -0.217921
0   17   10              0.075402
0   17   11             -0.113631
0   17   12              0.033215
0   18    0             -0.862717
0   18    1             -1.076568
0   18    2              0.104757
0   18    3              0.230413
0   18    4             -0.440193
0   18    5              6.210227
0   18    6              0.084995
0   18    7             -0.213605
0   18    8             -0.051353
0   18    9              0.028624
0   18   10              0.043000
0   18   11              0.068101
0   18   12             -1.853170
0   19    0              0.433635
0   19    1              0.109789
0   19    2              0.085936
0   19    3              0.396284
0   19    4              1.776061
0   19    5              1.385044
0   19    6             -0.069300
0   19    7             -0.068684
0   19    8             -0.150133
0   19    9              0.144611
0   19   10             -0.063096
0   19   11              0.164615
0   19   12              0.162605
0   20    0              1.621677
0   20    1              0.258680
0   20    2              0.006328
0   20    3             -0.697077
0   20    4              2.547071
0   20    5             -0.130806
0   20    6              0.172560
0   20    7              0.001970
0   20    8              0.039858
0   20    9              0.167770
0   20   10              0.098271
0   20   11             -0.023864
0   20   12              2.439526
0   21    0              1.376775
0   21    1              0.633455
0   21    2             -0.184020
0   21    3             -0.193039
0   21    4              3.077080
0   21    5             -0.789886
0   21    6              0.063791
0   21    7              0.058549
0   21    8              0.043654
0   21    9              0.144004
0   21   10              0.082343
0   21   11              0.070727
0   21   12              2.827393

Biases:
0   0          0.686258
0   1          0.337646
0   2         -0.173882
0   3         -0.193129
0   4          1.127415
0   5          1.132394
0   6         -0.038974
0   7         -0.076030
0   8         -0.095923
0   9         -0.206709
0   10        -0.217759
0   11         0.043983
0   12        -0.571200

Layer (1)
Weights:
1   0     0              0.032884
1   0     1             -0.967308
1   0     2              0.085268
1   0     3              0.024546
1   1     0              0.766866
1   1     1             -0.183296
1   1     2              0.130980
1   1     3             -0.139011
1   2     0              0.081625
1   2     1              0.107600
1   2     2             -0.124441
1   2     3              0.175897
1   3     0              0.038522
1   3     1              0.664897
1   3     2             -0.058452
1   3     3              0.031639
1   4     0              0.978319
1   4     1             -0.042335
1   4     2              0.147188
1   4     3             -0.025848
1   5     0             -1.058205
1   5     1              0.066508
1   5     2             -0.268331
1   5     3             -0.114801
1   6     0             -0.083739
1   6     1              0.029547
1   6     2             -0.127912
1   6     3              0.220005
1   7     0             -0.256872
1   7     1             -0.001224
1   7     2             -0.110409
1   7     3              0.256771
1   8     0              0.071434
1   8     1             -0.151394
1   8     2             -0.071662
1   8     3              0.024193
1   9     0              0.245113
1   9     1             -0.251823
1   9     2             -0.181557
1   9     3             -0.146203
1   10    0             -0.029033
1   10    1             -0.146272
1   10    2              0.028724
1   10    3             -0.188572
1   11    0              0.173834
1   11    1              0.110837
1   11    2              0.206942
1   11    3              0.196095
1   12    0              0.123036
1   12    1             -0.027415
1   12    2              0.051522
1   12    3              0.862658

Biases:
1   0          0.464956
1   1          0.357327
1   2         -0.325894
1   3          0.063850

Layer (2)
Weights:
2   0     0             -0.012547
2   0     1              0.058547
2   0     2             -0.004142
2   0     3              0.734065
2   0     4             -1.157903
2   0     5              0.040834
2   0     6             -0.195317
2   1     0             -0.271167
2   1     1              0.742023
2   1     2              0.002243
2   1     3             -0.067754
2   1     4             -0.046824
2   1     5             -0.036684
2   1     6             -0.421869
2   2     0             -0.453598
2   2     1              0.311073
2   2     2             -0.331093
2   2     3              0.494920
2   2     4             -0.276792
2   2     5             -0.174493
2   2     6             -0.477784
2   3     0              0.395731
2   3     1             -0.060577
2   3     2             -0.034335
2   3     3             -0.028827
2   3     4              0.005686
2   3     5             -0.700632
2   3     6              0.125760

Biases:
2   0         -0.669790
2   1         -0.067457
2   2         -0.469671
2   3         -0.312927
2   4          0.415965
2   5          0.686832
2   6         -0.458763

Layer (3)
Weights:
3   0     0             -0.012294
3   0     1             -0.027386
3   0     2              0.441965
3   0     3             -0.039664
3   1     0              0.479416
3   1     1             -0.548483
3   1     2              0.013542
3   1     3              0.069984
3   2     0             -0.185441
3   2     1              0.207295
3   2     2             -0.020804
3   2     3             -0.215658
3   3     0             -0.041771
3   3     1             -0.139351
3   3     2             -0.003345
3   3     3             -0.554244
3   4     0              0.020051
3   4     1             -0.094587
3   4     2             -0.062244
3   4     3              0.740245
3   5     0             -0.135038
3   5     1             -0.239204
3   5     2             -1.127799
3   5     3              0.035934
3   6     0              0.317595
3   6     1              0.157580
3   6     2              0.171591
3   6     3              0.268456

Biases:
3   0          0.357725
3   1          0.661674
3   2          0.845219
3   3          0.471328

Activators: [RECTIFIER, RECTIFIER, RECTIFIER, IDENTITY]
Scale values = kex;600.0,0.0:pa;0.99,0.8:r2;30.0,5.0:dppm;0.95,0.0:r2eff;150.0,0.0:fields;950.0,500.0